30
11
50
38
67
73
98
6
39
7
60
77
38
59
80
57
83
56
80
69
47
95
13
81
23
87
97
48
28
49
92
34
39
87
52
82
32
65
20
3
57
46
50
14
81
78
59
34
97
25
73
25
15
34
96
36
99
70
15
81
77
50
79
91
16
27
38
52
7
99
26
18
36
77
12
1
46
99
100
46
28
63
52
3
76
67
20
6
91
17
83
62
51
40
27
8
68
60
98
55
40
8
27
98
100
56
90
38
22
96
90
1
71
70
53
15
99
76
15
49
8
33
62
91
17
64
68
97
51
5
34
87
1
45
6
21
36
54
4
21
78
83
84
96
27
82
92
82
87
13
9
93
45
50
48
8
46
37
82
36
88
93
87
18
62
4
100
26
64
33
79
46
73
95
72
25
49
67
64
35
72
87
11
39
96
41
43
52
98
98
76
100
72
68
33
85
96
66
34
24
83
67
18
54
35
64
20
50
78
23
59
79
73
48
65
2
83
49
23
21
61
48
28
66
58
79
74
6
63
88
30
83
34
41
52
5
69
57
5
32
21
93
75
75
40
97
27
24
4
31
2
48
44
13
63
35
39
52
97
56
91
15
88
90
94
76
46
33
96
60
34
27
44
91
100
69
74
54
27
62
53
50
3
32
87
82
39
21
78
18
66
17
60
50
42
7
6
85
82
64
51
94
28
44
98
75
4
54
13
95
61
86
26
36
3
41
13
57
4
13
38
26
56
79
94
17
67
95
49
94
63
89
72
64
11
59
22
59
34
12
78
86
9
83
57
81
92
25
47
1
94
50
82
69
27
26
39
50
51
82
8
9
6
19
32
72
15
62
25
45
20
55
23
92
35
52
17
73
23
14
25
42
49
48
1
14
8
3
38
86
20
73
9
52
4
69
81
90
52
85
66
31
1
2
82
39
27
90
35
75
9
67
28
37
57
67
61
58
19
18
64
12
25
39
25
48
47
71
89
66
72
28
22
38
48
95
42
47
67
62
88
19
69
64
77
54
45
72
95
38
9
23
71
34
21
55
7
62
78
35
93
56
1
70
3
82
45
90
90
63
25
14
92
57
31
46
43
62
62
71
3
76
76
51
57
50
57
88
17
93
89
80
69
32
70
32
19
100
61
96
9
56
82
33
13
95
32
15
4
76
13
45
100
7
33
17
80
51
13
54
25
58
73
97
75
46
46
60
88
99
28
44
1
67
62
47
94
44
38
63
18
43
85
42
81
44
80
63
100
53
53
68
87
8
72
52
83
85
58
67
50
73
27
5
49
69
45
34
45
86
24
37
13
50
37
83
74
32
17
32
67
83
60
36
47
60
57
94
96
11
65
10
86
71
14
46
16
80
93
13
99
46
18
15
30
16
55
38
71
89
79
52
69
27
1
67
13
92
59
90
12
51
39
35
22
15
51
43
37
91
67
94
39
5
33
22
66
46
7
31
5
20
23
7
33
14
41
59
71
47
33
25
22
4
1
49
7
83
93
16
66
13
1
80
22
85
13
64
95
79
2
68
86
28
85
93
29
32
2
9
74
92
72
91
59
43
73
35
4
85
15
83
53
92
66
92
20
43
85
49
1
77
65
92
46
66
39
95
20
9
21
76
81
85
42
74
42
11
22
80
13
79
60
11
65
19
15
95
62
93
74
86
48
54
8
97
28
80
46
94
4
79
16
96
64
40
2
68
50
93
51
10
22
6
37
23
18
55
28
27
51
45
33
27
36
35
28
28
77
46
47
62
66
28
76
35
63
65
47
26
17
48
45
70
42
65
64
43
18
86
80
74
53
19
44
59
46
89
61
30
12
75
91
4
47
90
44
94
30
3
60
53
8
3
11
4
1
64
85
72
71
86
10
92
67
73
9
47
85
17
89
75
4
18
14
42
57
42
23
53
21
71
13
16
27
27
66
51
8
41
59
82
4
90
59
27
66
100
38
74
81
97
10
13
14
86
50
90
89
69
47
60
41
33
52
1
73
95
65
41
7
59
40
45
58
7
71
15
60
87
77
57
4
50
72
24
61
100
3
42
77
77
62
40
94
100
41
71
39
58
54
72
35
97
67
23
58
66
55
7
15
35
31
3
93
90
56
92
61
29
40
74
92
24
64
31
97
1
51
59
67
1
77
2
34
6
23
8
83
49
66
96
45
96
28
42
46
60
48
4
45
50
10
11
19
81
80
11
34
36
27
58
15
97
41
15
59
29
69
87
68
48
9
13
63
44
29
97
97
22
86
38
54
47
14
17
91
66
84
53
27
