29
79
41
80
26
84
5
14
67
62
81
2
13
90
43
76
25
37
75
2
60
15
53
83
18
50
67
52
79
48
73
72
17
4
30
36
63
96
13
29
40
49
86
34
37
88
44
49
63
39
23
75
58
3
29
15
26
58
63
77
17
53
36
19
90
9
86
9
61
8
14
29
25
46
63
12
30
20
47
30
6
18
90
40
26
99
15
14
75
16
10
5
34
36
12
88
13
67
45
28
3
36
89
55
26
95
50
12
41
18
85
7
12
33
72
100
64
97
93
92
95
72
35
46
99
9
95
89
34
76
100
63
76
20
27
71
30
35
14
32
49
3
74
58
31
4
94
2
65
13
25
17
75
53
33
32
1
44
57
18
100
62
78
66
19
23
32
92
6
2
71
29
83
61
44
93
98
77
16
95
15
93
24
22
51
83
89
23
87
96
70
87
79
97
32
87
25
9
40
8
73
2
96
64
43
96
34
14
10
40
34
25
28
62
3
7
39
57
15
36
35
9
6
10
32
84
50
86
30
57
68
89
38
8
23
13
98
60
80
56
49
75
13
47
62
45
59
17
94
26
49
69
95
5
74
64
97
86
32
59
47
49
85
54
73
46
88
21
40
91
10
79
77
60
87
60
96
59
49
87
26
33
93
4
9
100
95
34
34
59
16
12
29
21
9
1
91
60
75
17
58
38
78
4
16
71
92
36
18
15
68
39
38
45
33
14
57
81
46
73
51
54
88
81
75
99
50
57
51
87
69
36
84
32
30
89
55
89
89
38
8
60
16
19
91
77
74
84
88
96
45
11
15
3
67
4
50
98
29
18
21
36
86
32
46
32
56
6
16
45
59
68
93
8
65
92
39
69
90
98
26
67
69
55
42
59
22
82
66
26
39
57
60
72
18
73
75
85
73
60
22
68
68
44
37
77
18
8
38
76
66
81
9
31
92
54
67
31
90
88
11
75
41
91
6
2
9
22
91
93
17
54
97
31
77
58
99
25
19
65
41
15
45
91
60
59
49
29
80
64
6
45
95
86
49
48
28
78
39
36
69
97
17
45
59
12
85
79
55
35
56
43
13
25
47
97
30
50
31
48
54
80
42
28
88
73
59
12
82
30
31
22
87
83
97
44
98
100
33
49
74
70
75
45
9
64
32
71
39
52
18
78
47
91
82
89
55
90
58
86
53
74
97
25
4
34
56
30
29
3
100
31
18
83
74
84
6
97
20
24
41
89
73
30
12
54
75
96
2
8
89
8
43
47
96
1
73
50
41
75
8
3
42
36
53
88
60
65
18
98
84
59
71
34
46
64
1
68
13
51
60
60
29
21
15
92
89
72
88
74
12
57
56
45
17
38
47
38
77
25
94
10
79
4
25
31
38
9
1
32
100
6
37
91
16
48
75
22
22
62
99
88
78
45
87
28
3
27
18
8
18
64
91
89
58
50
82
25
96
84
54
80
72
56
74
6
21
66
30
69
64
26
16
16
26
7
33
35
17
98
29
12
91
94
15
37
16
49
33
67
67
50
26
39
8
20
17
22
71
82
7
37
98
49
45
92
48
76
63
52
17
48
9
99
55
43
89
79
42
38
91
72
34
63
3
14
100
78
8
7
90
11
64
36
91
93
15
43
49
23
89
40
86
82
50
20
42
28
84
66
31
39
81
34
91
36
4
35
47
32
93
70
69
56
62
7
84
74
8
62
29
47
30
20
49
52
87
52
14
84
72
73
94
42
77
52
31
30
45
56
90
81
97
17
31
19
72
31
21
43
36
69
20
23
37
84
9
62
86
40
49
52
21
63
61
21
77
27
80
10
76
55
29
53
72
49
51
13
90
31
80
56
31
71
49
3
53
72
6
93
43
70
45
6
7
38
60
34
57
10
43
45
52
11
68
82
41
68
51
89
33
96
73
56
60
94
22
50
15
58
68
5
22
87
68
7
10
24
46
35
89
18
57
80
88
35
5
21
4
67
63
86
21
17
60
48
98
90
46
14
17
10
19
100
43
38
24
65
44
61
72
18
22
17
100
16
40
93
68
25
89
1
47
49
96
83
85
5
27
20
10
21
78
33
18
80
100
58
38
51
12
41
78
43
96
45
65
5
18
45
8
5
22
21
26
17
64
71
4
60
54
19
39
24
52
52
40
89
100
21
17
83
56
18
14
49
24
4
53
51
18
81
88
82
12
6
99
58
8
2
16
29
54
78
98
93
2
54
92
45
6
76
5
98
29
26
49
5
8
78
93
61
18
54
42
74
32
57
13
46
