66
16
83
94
44
58
40
97
18
23
83
42
3
3
23
15
65
49
67
66
34
2
53
64
81
32
86
87
99
31
74
18
75
93
52
40
47
14
15
79
9
70
19
57
72
94
77
57
28
34
13
90
40
98
6
64
64
19
14
12
73
53
99
88
49
66
68
10
51
83
68
52
34
89
58
64
84
96
93
87
56
29
59
66
18
85
78
78
87
89
77
28
100
4
7
56
72
31
8
6
27
67
6
46
66
62
57
52
40
42
80
68
27
28
57
44
95
33
70
65
89
90
24
63
6
40
52
30
82
2
93
53
89
87
61
89
24
13
1
57
28
26
38
45
10
10
2
73
48
63
62
39
62
43
18
37
44
44
40
26
10
27
70
39
50
27
79
41
67
68
21
82
33
13
38
63
52
79
54
97
39
80
83
20
41
54
92
46
69
24
46
81
74
75
47
1
57
100
96
83
31
61
7
80
43
80
6
49
6
56
86
65
91
44
88
31
45
51
99
96
36
34
72
43
23
40
9
59
66
37
7
53
84
71
66
78
73
3
77
61
49
43
41
14
39
81
91
30
88
17
57
6
2
1
48
97
89
64
58
3
72
47
83
69
49
34
82
20
78
10
58
42
75
38
48
93
94
59
5
42
50
79
72
50
81
2
51
84
23
69
89
10
45
74
90
2
61
72
65
6
100
71
52
79
60
15
32
64
53
56
4
31
60
16
53
93
76
34
89
48
83
99
98
10
21
49
97
1
49
46
33
23
94
99
43
80
28
94
91
66
71
87
31
67
66
59
50
30
21
98
26
27
84
18
23
2
73
43
58
12
18
31
16
8
24
82
37
61
74
74
66
83
44
24
78
96
68
31
44
62
99
68
80
51
20
6
40
77
77
42
8
85
36
80
48
40
71
23
44
84
22
89
56
48
33
44
84
61
40
27
34
42
99
97
13
51
51
65
88
18
43
61
85
32
66
81
48
65
76
38
25
45
88
60
40
11
12
33
19
77
22
80
37
50
9
66
87
40
67
98
89
6
36
26
42
62
4
24
82
52
97
20
85
3
3
89
54
39
57
3
39
19
46
12
97
64
24
36
24
1
94
9
98
79
49
19
10
63
19
78
7
89
51
67
80
3
95
35
47
20
12
48
83
65
59
71
61
25
30
79
39
68
1
82
59
89
22
6
54
84
79
92
21
79
97
51
69
79
32
95
69
89
89
4
89
46
26
34
20
79
59
86
33
41
40
39
88
69
9
92
81
89
82
64
41
20
28
4
68
9
2
82
93
36
10
50
80
97
93
13
63
89
87
75
25
94
60
80
39
58
63
100
71
40
14
81
8
25
64
69
19
22
66
11
77
78
93
98
32
90
60
92
77
97
29
92
3
7
40
48
61
49
65
11
47
3
11
54
22
30
43
55
34
24
95
42
23
76
98
47
2
62
49
50
99
72
24
74
11
23
79
1
86
16
9
70
57
56
65
75
67
40
76
3
48
5
58
53
3
88
69
27
10
93
47
99
1
16
12
75
80
38
43
100
51
43
69
18
16
25
85
68
12
23
80
62
86
46
2
94
14
71
72
24
54
52
92
93
70
10
70
41
45
90
96
30
97
77
52
6
37
41
38
79
4
2
16
87
13
85
13
55
14
18
62
9
67
20
46
100
51
76
49
6
55
44
23
22
28
51
65
10
95
97
58
73
34
93
20
52
37
6
80
85
97
16
28
27
28
88
64
78
31
53
55
61
93
32
25
60
79
94
59
63
20
4
60
18
61
89
75
74
100
95
63
46
96
64
10
39
17
97
94
41
88
88
79
43
42
97
81
3
69
61
73
44
47
18
66
93
57
10
67
40
13
90
79
37
91
10
65
29
23
86
44
83
100
19
76
33
26
18
76
64
9
73
6
40
22
19
99
79
99
17
83
7
30
55
28
98
10
42
53
33
33
52
81
83
18
91
44
28
42
34
68
39
35
4
31
41
84
40
15
72
11
86
31
6
4
37
53
45
92
79
23
84
66
43
32
57
92
24
23
32
75
72
38
66
50
44
73
27
24
87
14
71
28
81
23
47
22
75
79
81
38
100
37
64
11
84
74
92
73
75
49
61
18
83
97
40
49
66
57
60
64
26
22
5
65
53
57
85
21
85
35
17
45
42
95
76
35
75
56
67
71
82
55
49
39
54
54
45
85
83
98
56
19
19
17
12
79
33
99
58
28
89
71
88
41
32
16
76
89
21
5
75
11
91
90
83
71
73
67
12
100
12
1
38
87
79
